name = 'silver'
symbol = 'Ag'

atomic_number = 47
atomic_number_deut = 47

mass = [(106.905095, 51.840000000000003), (108.904754, 48.159999999999997)]
mass_deut = 107.868130774

color = 'black'

vdW_radius = 0.172

b_coherent = 5.922*fm
b_incoherent = 2.148369928*fm
b_coherent_deut = 5.922*fm
b_incoherent_deut = 2.148369928*fm