name = 'silver109'
symbol = 'Ag109'
atomic_number = 47
atomic_number_deut = 47

mass = 108.904754
mass_deut = 108.904754

color = 'black'

vdW_radius = 0.172

b_coherent = 4.165*fm
b_incoherent = 1.595769122*fm
b_coherent_deut = 4.165*fm
b_incoherent_deut = 1.595769122*fm