name = 'barium'
symbol = 'Ba'

atomic_number = 56
atomic_number_deut = 56

mass = [(129.90627699999999, 0.11), (131.90504200000001, 0.10000000000000001), (133.90449000000001, 2.4199999999999999), (134.90566799999999, 6.5899999999999999), (135.90455600000001, 7.8499999999999996), (136.90581599999999, 11.23), (137.905236, 71.700000000000003)]
mass_deut = 137.326659121

color = 'black'

vdW_radius = 0.2

b_coherent = 5.07*fm
b_incoherent = 1.092548431*fm
b_coherent_deut = 5.07*fm
b_incoherent_deut = 1.092548431*fm