name = 'calcium'
symbol = 'Ca'

atomic_number = 20
atomic_number_deut = 20

mass = [(39.962591000000003, 96.939999999999998), (41.958621999999998, 0.65000000000000002), (42.958770000000001, 0.13), (43.955485000000003, 2.0859999999999999), (45.953688999999997, 0.0040000000000000001), (47.952531999999998, 0.19)]
mass_deut = 40.0781725349

color = 'black'

vdW_radius = 0.2

b_coherent = 4.7*fm
b_incoherent = 0.630783131*fm
b_coherent_deut = 4.7*fm
b_incoherent_deut = 0.630783131*fm