name = 'cadmium'
symbol = 'Cd'

atomic_number = 48
atomic_number_deut = 48

mass = [(105.90646099999999, 1.23), (107.904183, 0.90000000000000002), (109.903007, 12.390000000000001), (110.90418200000001, 12.75), (111.902761, 24.07), (112.90440099999999, 12.220000000000001), (113.903361, 28.859999999999999), (115.904758, 7.5800000000000001)]
mass_deut = 112.421055906

color = 'black'

vdW_radius = 0.158

b_coherent = 4.83*fm
b_incoherent = 5.247266446*fm
b_coherent_deut = 4.83*fm
b_incoherent_deut = 5.247266446*fm