name = 'cadmium111'
symbol = 'Cd111'
atomic_number = 48
atomic_number_deut = 48

mass = 110.904182
mass_deut = 110.904182

color = 'black'

vdW_radius = 0.158

b_coherent = 6.47*fm
b_incoherent = 1.545096808*fm
b_coherent_deut = 6.47*fm
b_incoherent_deut = 1.545096808*fm