name = 'copper'
symbol = 'Cu'

atomic_number = 29
atomic_number_deut = 29

mass = [(62.929599000000003, 69.170000000000002), (64.927791999999997, 30.829999999999998)]
mass_deut = 63.5456419019

color = 'black'

vdW_radius = 0.14

b_coherent = 7.718*fm
b_incoherent = 6.180387232*fm
b_coherent_deut = 7.718*fm
b_incoherent_deut = 6.180387232*fm