name = 'dysprosium'
symbol = 'Dy'

atomic_number = 66
atomic_number_deut = 66

mass = [(155.92428699999999, 0.059999999999999998), (157.92441199999999, 0.10000000000000001), (159.92520300000001, 2.3399999999999999), (160.926939, 18.899999999999999), (161.926805, 25.5), (162.92873700000001, 24.899999999999999), (163.92918299999999, 28.199999999999999)]
mass_deut = 162.497540599

color = 'black'

vdW_radius = 0.2

b_coherent = 16.9*fm
b_incoherent = 20.80628379*fm
b_coherent_deut = 16.9*fm
b_incoherent_deut = 20.80628379*fm