name = 'europium'
symbol = 'Eu'

atomic_number = 63
atomic_number_deut = 63

mass = [(150.91986, 47.799999999999997), (152.921243, 52.200000000000003)]
mass_deut = 151.964581926

color = 'black'

vdW_radius = 0.2

b_coherent = 5.3*fm
b_incoherent = 4.46031029*fm
b_coherent_deut = 5.3*fm
b_incoherent_deut = 4.46031029*fm