name = 'iron'
symbol = 'Fe'

atomic_number = 26
atomic_number_deut = 26

mass = [(53.939611999999997, 5.7999999999999998), (55.934939, 91.719999999999999), (56.935395999999997, 2.2000000000000002), (57.933278000000001, 0.28000000000000003)]
mass_deut = 55.8468154372

color = 'black'

vdW_radius = 0.2

b_coherent = 9.45*fm
b_incoherent = 1.784124116*fm
b_coherent_deut = 9.45*fm
b_incoherent_deut = 1.784124116*fm