name = 'gadolinium'
symbol = 'Gd'

atomic_number = 64
atomic_number_deut = 64

mass = [(151.919803, 0.20000000000000001), (153.92087599999999, 2.1800000000000002), (154.82262900000001, 14.800000000000001), (155.92213000000001, 20.469999999999999), (156.923967, 15.65), (157.92411100000001, 24.84), (159.92706100000001, 21.859999999999999)]
mass_deut = 157.237329348

color = 'black'

vdW_radius = 0.2

b_coherent = 9.5*fm
b_incoherent = 34.66438836*fm
b_coherent_deut = 9.5*fm
b_incoherent_deut = 34.66438836*fm