name = 'hydrogen'
symbol = 'H'

atomic_number = 1
atomic_number_deut = 1

mass = [(1.007825, 99.989999999999995), (2.0141019999999998, 0.01)]
mass_deut = 2.014102

color = 'black'

vdW_radius = 0.109

b_coherent = -3.7409*fm
b_incoherent = 25.27229286*fm
b_coherent_deut = 6.674*fm
b_incoherent_deut = 4.038982752*fm
