name = 'mercury'
symbol = 'Hg'

atomic_number = 80
atomic_number_deut = 80

mass = [(195.965812, 0.14999999999999999), (197.96675999999999, 10.1), (198.96826899999999, 17.0), (199.96831599999999, 23.100000000000001), (200.970293, 13.199999999999999), (201.97063199999999, 29.649999999999999), (203.97348099999999, 6.7999999999999998)]
mass_deut = 200.588445976

color = 'black'

vdW_radius = 0.155

b_coherent = 12.595*fm
b_incoherent = 7.247146419*fm
b_coherent_deut = 12.595*fm
b_incoherent_deut = 7.247146419*fm