name = 'mercury199'
symbol = 'Hg199'
atomic_number = 80
atomic_number_deut = 80

mass = 198.968269
mass_deut = 198.968269

color = 'black'

vdW_radius = 0.155

b_coherent = 16.9*fm
b_incoherent = 15.45096808*fm
b_coherent_deut = 16.9*fm
b_incoherent_deut = 15.45096808*fm