name = 'iodine127'
symbol = 'I127'
atomic_number = 53
atomic_number_deut = 53

mass = 126.904477
mass_deut = 126.904477

color = 'black'

vdW_radius = 0.198

b_coherent = 5.28*fm
b_incoherent = 1.570637329*fm
b_coherent_deut = 5.28*fm
b_incoherent_deut = 1.570637329*fm