name = 'indium113'
symbol = 'In113'
atomic_number = 49
atomic_number_deut = 49

mass = 112.904056
mass_deut = 112.904056

color = 'black'

vdW_radius = 0.193

b_coherent = 5.39*fm
b_incoherent = 0.017159156*fm
b_coherent_deut = 5.39*fm
b_incoherent_deut = 0.017159156*fm