name = 'molybdenum'
symbol = 'Mo'

atomic_number = 42
atomic_number_deut = 42

mass = [(91.906808999999996, 14.84), (93.905085999999997, 9.25), (94.905838000000003, 15.92), (95.904675999999995, 16.68), (96.906018000000003, 9.5500000000000007), (97.905405000000002, 24.129999999999999), (99.907472999999996, 9.6300000000000008)]
mass_deut = 95.9312888724

color = 'black'

vdW_radius = 0.2

b_coherent = 6.715*fm
b_incoherent = 0.564189584*fm
b_coherent_deut = 6.715*fm
b_incoherent_deut = 0.564189584*fm