name = 'nitrogen'
symbol = 'N'

atomic_number = 7
atomic_number_deut = 7

mass = [(14.003074, 99.629999999999995), (15.000109, 0.37)]
mass_deut = 14.0067630295

color = 'black'

vdW_radius = 0.155

b_coherent = 9.36*fm
b_incoherent = 1.994711402*fm
b_coherent_deut = 9.36*fm
b_incoherent_deut = 1.994711402*fm