name = 'neodymium'
symbol = 'Nd'

atomic_number = 60
atomic_number_deut = 60

mass = [(141.90773100000001, 27.129999999999999), (142.90982299999999, 12.18), (143.91009600000001, 23.800000000000001), (144.91258199999999, 8.3000000000000007), (145.91312600000001, 17.190000000000001), (147.916901, 5.7599999999999998), (149.92089999999999, 5.6399999999999997)]
mass_deut = 144.242349633

color = 'black'

vdW_radius = 0.2

b_coherent = 7.69*fm
b_incoherent = 8.556358678*fm
b_coherent_deut = 7.69*fm
b_incoherent_deut = 8.556358678*fm