name = 'OD1'
symbol = 'O'

atomic_number = 8 + 1
atomic_number_deut = 8 + 1

mass = 15.994915000000001 + 2.014102
mass_deut = 15.994915000000001 + 2.014102

color = 'red'
vdW_radius = 0.152000

b_coherent = (5.805 + 1*(6.674))*fm
b_incoherent = 4.038982752*fm
b_coherent_deut = (5.805 + 1*6.674)*fm
b_incoherent_deut = 4.038982752*fm
