name = 'osmium'
symbol = 'Os'

atomic_number = 76
atomic_number_deut = 76

mass = [(183.95251400000001, 0.02), (185.95385200000001, 1.5800000000000001), (186.95576199999999, 1.6000000000000001), (187.95585, 13.300000000000001), (188.958156, 16.100000000000001), (189.95845499999999, 26.399999999999999), (191.96148700000001, 41.0)]
mass_deut = 190.239786512

color = 'black'

vdW_radius = 0.2

b_coherent = 10.7*fm
b_incoherent = 1.545096808*fm
b_coherent_deut = 10.7*fm
b_incoherent_deut = 1.545096808*fm