name = 'lead'
symbol = 'Pb'

atomic_number = 82
atomic_number_deut = 82

mass = [(203.97303700000001, 1.3999999999999999), (205.97445500000001, 24.100000000000001), (206.97588500000001, 22.100000000000001), (207.976641, 52.399999999999999)]
mass_deut = 207.216896642

color = 'black'

vdW_radius = 0.202

b_coherent = 9.401*fm
b_incoherent = 0.154509681*fm
b_coherent_deut = 9.401*fm
b_incoherent_deut = 0.154509681*fm