name = 'platinum'
symbol = 'Pt'

atomic_number = 78
atomic_number_deut = 78

mass = [(189.959937, 0.01), (191.961049, 0.79000000000000004), (193.96267900000001, 32.899999999999999), (194.96478500000001, 33.799999999999997), (195.964947, 25.300000000000001), (197.96787900000001, 7.2000000000000002)]
mass_deut = 195.080125881

color = 'black'

vdW_radius = 0.172

b_coherent = 9.6*fm
b_incoherent = 1.017107236*fm
b_coherent_deut = 9.6*fm
b_incoherent_deut = 1.017107236*fm