name = 'rubidium'
symbol = 'Rb'

atomic_number = 37
atomic_number_deut = 37

mass = [(84.911799999999999, 72.170000000000002), (86.909183999999996, 27.829999999999998)]
mass_deut = 85.4676719672

color = 'black'

vdW_radius = 0.2

b_coherent = 7.08*fm
b_incoherent = 1.994711402*fm
b_coherent_deut = 7.08*fm
b_incoherent_deut = 1.994711402*fm