name = 'ruthenium'
symbol = 'Ru'

atomic_number = 44
atomic_number_deut = 44

mass = [(95.907595999999998, 5.5199999999999996), (97.905287000000001, 1.8799999999999999), (98.905936999999994, 12.699999999999999), (99.904218, 12.6), (100.905581, 17.0), (101.904348, 31.600000000000001), (103.905422, 18.699999999999999)]
mass_deut = 101.069740814

color = 'black'

vdW_radius = 0.2

b_coherent = 7.02*fm
b_incoherent = 1.784124116*fm
b_coherent_deut = 7.02*fm
b_incoherent_deut = 1.784124116*fm