name = 'antimony'
symbol = 'Sb'

atomic_number = 51
atomic_number_deut = 51

mass = [(120.903824, 57.299999999999997), (122.904222, 42.700000000000003)]
mass_deut = 121.757993946

color = 'black'

vdW_radius = 0.2

b_coherent = 5.57*fm
b_incoherent = 0*fm
b_coherent_deut = 5.57*fm
b_incoherent_deut = 0*fm