name = 'selenium'
symbol = 'Se'

atomic_number = 34
atomic_number_deut = 34

mass = [(73.922477000000001, 0.90000000000000002), (75.919207, 9.0), (76.919908000000007, 7.5999999999999996), (77.917304000000001, 23.5), (79.916521000000003, 49.600000000000001), (81.916708999999997, 9.4000000000000004)]
mass_deut = 78.993275433

color = 'black'

vdW_radius = 0.19

b_coherent = 7.97*fm
b_incoherent = 1.595769122*fm
b_coherent_deut = 7.97*fm
b_incoherent_deut = 1.595769122*fm