name = 'silicon'
symbol = 'Si'

atomic_number = 14
atomic_number_deut = 14

mass = [(27.976928000000001, 92.230000000000004), (28.976496000000001, 4.6699999999999999), (29.973772, 3.1000000000000001)]
mass_deut = 28.0855099896

color = 'black'

vdW_radius = 0.21

b_coherent = 4.1507*fm
b_incoherent = 0.178412412*fm
b_coherent_deut = 4.1507*fm
b_incoherent_deut = 0.178412412*fm