name = 'samarium'
symbol = 'Sm'

atomic_number = 62
atomic_number_deut = 62

mass = [(143.91200900000001, 3.1000000000000001), (146.914907, 15.0), (147.91483199999999, 11.300000000000001), (148.917193, 13.800000000000001), (149.91728499999999, 7.4000000000000004), (151.91974099999999, 26.699999999999999), (153.92221799999999, 22.699999999999999)]
mass_deut = 150.360250402

color = 'black'

vdW_radius = 0.2

b_coherent = 0*fm
b_incoherent = 17.6168141*fm
b_coherent_deut = 0*fm
b_incoherent_deut = 17.6168141*fm