name = 'tin'
symbol = 'Sn'

atomic_number = 50
atomic_number_deut = 50

mass = [(111.904826, 1.0), (113.902784, 0.69999999999999996), (114.90334799999999, 0.40000000000000002), (115.90174399999999, 14.699999999999999), (116.90295399999999, 7.7000000000000002), (117.901607, 24.300000000000001), (118.90331, 8.5999999999999996), (119.902199, 32.399999999999999), (121.90344, 4.5999999999999996), (123.905271, 5.5999999999999996)]
mass_deut = 118.685406019

color = 'black'

vdW_radius = 0.217

b_coherent = 6.225*fm
b_incoherent = 0.418414194*fm
b_coherent_deut = 6.225*fm
b_incoherent_deut = 0.418414194*fm