name = 'tin117'
symbol = 'Sn117'
atomic_number = 50
atomic_number_deut = 50

mass = 116.902954
mass_deut = 116.902954

color = 'black'

vdW_radius = 0.217

b_coherent = 6.59*fm
b_incoherent = 1.545096808*fm
b_coherent_deut = 6.59*fm
b_incoherent_deut = 1.545096808*fm