name = 'tellurium'
symbol = 'Te'

atomic_number = 52
atomic_number_deut = 52

mass = [(119.90402, 0.089999999999999997), (121.90305499999999, 2.6000000000000001), (122.90427800000001, 0.91000000000000003), (123.90282500000001, 4.8200000000000003), (124.90443500000001, 7.1399999999999997), (125.90331, 18.949999999999999), (127.904464, 31.690000000000001), (129.906229, 33.799999999999997)]
mass_deut = 127.58602209

color = 'black'

vdW_radius = 0.206

b_coherent = 5.68*fm
b_incoherent = 0.846284375*fm
b_coherent_deut = 5.68*fm
b_incoherent_deut = 0.846284375*fm