name = 'titanium'
symbol = 'Ti'

atomic_number = 22
atomic_number_deut = 22

mass = [(45.952632999999999, 8.0), (46.951765000000002, 7.2999999999999998), (47.947946999999999, 73.799999999999997), (48.947870999999999, 5.5), (49.944786000000001, 5.4000000000000004)]
mass_deut = 47.87842572

color = 'black'

vdW_radius = 0.2

b_coherent = -3.37*fm
b_incoherent = 4.77898884*fm
b_coherent_deut = -3.37*fm
b_incoherent_deut = 4.77898884*fm