name = 'uranium235'
symbol = 'U235'
atomic_number = 92
atomic_number_deut = 92

mass = 235.043925
mass_deut = 235.043925

color = 'black'

vdW_radius = 0.186

b_coherent = 10.5*fm
b_incoherent = 1.261566261*fm
b_coherent_deut = 10.5*fm
b_incoherent_deut = 1.261566261*fm