name = 'xenon'
symbol = 'Xe'

atomic_number = 54
atomic_number_deut = 54

mass = [(123.905894, 0.10000000000000001), (125.904281, 0.089999999999999997), (127.903531, 1.9099999999999999), (128.90477999999999, 26.399999999999999), (129.90351000000001, 4.0999999999999996), (130.90507600000001, 21.199999999999999), (131.90414799999999, 26.899999999999999), (133.905395, 10.4), (135.907219, 8.9000000000000004)]
mass_deut = 131.293078514

color = 'black'

vdW_radius = 0.216

b_coherent = 4.69*fm
b_incoherent = 0*fm
b_coherent_deut = 4.69*fm
b_incoherent_deut = 0*fm