name = 'ytterbium'
symbol = 'Yb'

atomic_number = 70
atomic_number_deut = 70

mass = [(167.933908, 0.13), (169.934774, 3.0499999999999998), (170.93633800000001, 14.300000000000001), (171.93639300000001, 21.899999999999999), (172.938222, 16.120000000000001), (173.938873, 31.800000000000001), (175.942576, 12.699999999999999)]
mass_deut = 173.034201241

color = 'black'

vdW_radius = 0.2

b_coherent = 12.41*fm
b_incoherent = 5.641895835*fm
b_coherent_deut = 12.41*fm
b_incoherent_deut = 5.641895835*fm