name = 'zinc'
symbol = 'Zn'

atomic_number = 30
atomic_number_deut = 30

mass = [(63.929144999999998, 48.600000000000001), (65.926034999999999, 27.899999999999999), (66.927128999999994, 4.0999999999999996), (67.924846000000002, 18.800000000000001), (69.925325000000001, 0.59999999999999998)]
mass_deut = 65.396363522

color = 'black'

vdW_radius = 0.139

b_coherent = 5.68*fm
b_incoherent = 0.782781279*fm
b_coherent_deut = 5.68*fm
b_incoherent_deut = 0.782781279*fm