name = 'zirconium'
symbol = 'Zr'

atomic_number = 40
atomic_number_deut = 40

mass = [(89.904707999999999, 51.450000000000003), (90.905643999999995, 11.27), (91.905039000000002, 17.170000000000002), (93.906318999999996, 17.329999999999998), (95.908271999999997, 2.7799999999999998)]
mass_deut = 91.2213485854

color = 'black'

vdW_radius = 0.2

b_coherent = 7.16*fm
b_incoherent = 0.39894228*fm
b_coherent_deut = 7.16*fm
b_incoherent_deut = 0.39894228*fm